0 0.455779912425023 0.412652215303143 0.452937884648859 0.429574630477876 0.427110744177012 0.511196684772634 0.423461487304273 0.430011405396225 0.419246886949244 0.42000936249167 0.387798250535821 0.419361493105117 0.422795811861114 0.399509391495889 0.433298955225573 0.37393417287869 0.43501680041592 0.361727146731952 0.517460440521424 0.514716978775328 0.443154229203478 0.43395203988536 0.515896345461761 0.446191228802874 0.457122088163911 0.364018105220831 0.366893979179405 0.383728653176642 0.358665359871917 0.359273690977555 0.447180838939309 0.518940326265191 0.397811118292948 0.406787938947858 0.43131451967947 0.506175249627134 0.395262628370083 0.401629771116071 0.510752928650251 0.524377280930002 0.531635862088461 0.505203445547305 0.506645953247061 0.518713191671183 0.514423440922028 0.544601520129087 0.519776186270942 0.371872426701557 0.434356340245995 0.40259075034333 0.497901876765497 0.490795279806922 0.496618728775762 0.511019519006007 0.503834322310873 0.469935762004654 0.413606213326367 0.491974646493355 0.455969668975022 0.412343031630142 0.454942286488472 0.383544506205981 0.328855492087011
0.455779912425023 0 0.20559595077339 0.291979413087772 0.302842103258718 0.288957582482805 0.205357096527386 0.275464830135275 0.284790684531038 0.282755885851448 0.286385176430678 0.337193084302986 0.292278166214306 0.288722260098401 0.328939677734859 0.279117536350447 0.349150931844469 0.298973087302108 0.339523186766676 0.209897397506492 0.198821535149605 0.118287180196079 0.309233055946753 0.242563172956462 0.112469340806576 0.098838007322791 0.302524672944203 0.327625738599043 0.288299282549785 0.301338325053736 0.394176612440485 0.273349665788327 0.218317539294779 0.397299192980473 0.186637053507435 0.326455036528277 0.277266802122351 0.360162551178969 0.300986236276555 0.233072661058277 0.220957219737574 0.267894822547744 0.214706054772155 0.222093598800658 0.202076922208176 0.202420428888858 0.238597356900584 0.222936440010443 0.417222913122225 0.226495877987948 0.283534089732742 0.20338485745855 0.221561707194674 0.214918832651991 0.199340441666114 0.210935210539509 0.254058981493685 0.321029777847413 0.209988588026422 0.238527027473588 0.42937091151981 0.113442910817206 0.37576965559319 0.278958176640426
0.412652215303143 0.20559595077339 0 0.375334564086474 0.371086035029867 0.331896812160217 0.302277572056685 0.354358674197533 0.35861449624511 0.351760215447287 0.359469928238267 0.35528356448631 0.366864453470804 0.349446235628569 0.358667914414926 0.366669481647573 0.355657468006968 0.358415680773341 0.373850752175002 0.312471137442039 0.300090789177212 0.223431059759633 0.37585731425152 0.347774827404004 0.220229485176982 0.221940349163295 0.334563440100555 0.347273332637996 0.313392578388382 0.336109729103613 0.370816807611935 0.363485713121526 0.312555346757935 0.379510520960012 0.254342589293838 0.342308765004745 0.336586042302877 0.378575200124768 0.364348126318717 0.318988892763214 0.314529351757572 0.353309953792778 0.313043856434467 0.32314446536909 0.308247789952176 0.308852671715381 0.338926969619138 0.324121484722154 0.392213037987316 0.310155391692521 0.355357343255739 0.3038004454238 0.302411750199964 0.313122456171025 0.298607059784908 0.306688910165746 0.31759458796004 0.384821149816954 0.305699300029311 0.299465941120497 0.403487798335139 0.227897976275414 0.389958957049127 0.348232940240558
0.452937884648859 0.291979413087772 0.375334564086474 0 0.108637702893976 0.43883326933409 0.391789224490393 0.280377268704239 0.296015081745374 0.28421619960781 0.298767290626305 0.331847320158106 0.289357538701583 0.292154812923599 0.342333051772064 0.278595097972339 0.357413479853534 0.294289549257952 0.325542737022872 0.401503339120986 0.391857393680485 0.312457651859243 0.309045065327555 0.419054051694867 0.307246460163745 0.303556375904562 0.269204046903646 0.325956096305278 0.275100880335812 0.293816602881954 0.379414115166849 0.0996022487960175 0.401515929904358 0.497028638715736 0.357784245818697 0.469372973065373 0.43875545820974 0.361288105389482 0.280069374136768 0.416729164504411 0.40700285339655 0.453262189980191 0.401002238661083 0.404363172953756 0.389729638550165 0.396957822868647 0.42589574170932 0.418538594520792 0.384351340996452 0.174459529401249 0.271286153680393 0.388648443587695 0.399156802225387 0.395624311745426 0.385074731415186 0.398879698803997 0.415390043801852 0.130089511676077 0.384589671081087 0.395947852132598 0.530685790232941 0.297317801722515 0.37828037316594 0.271040901242842
0.429574630477876 0.302842103258718 0.371086035029867 0.108637702893976 0 0.425291360439435 0.391647670836977 0.290280745578727 0.295236171771039 0.293713298403924 0.299835500499298 0.320152219323843 0.291395786723606 0.30100404233316 0.339022086306773 0.290907277047074 0.348907362818551 0.300239800859934 0.328103423423003 0.406064895499131 0.397315603744334 0.319660654610982 0.318782201287987 0.423646004912988 0.311827588529295 0.309817971416448 0.270392160724913 0.328509801501376 0.276235181681159 0.28763882237986 0.368900146949819 0.112854069179806 0.403072649453883 0.483073370538674 0.349645051100338 0.463018026796652 0.440793706231763 0.35991721622225 0.286760451576032 0.418298474837308 0.413629605294261 0.447988044367835 0.398439392024047 0.408851344868575 0.396492334521954 0.400694344093611 0.435400133496405 0.418542043863226 0.377110565894598 0.193636814126379 0.280731205931388 0.392574721362658 0.395593520599345 0.397725119378202 0.392701918301903 0.403702318477727 0.4106169986494 0.151512689549001 0.389652327919135 0.401293221971374 0.515415211295368 0.309327695809116 0.380948684517911 0.286146822677993
0.427110744177012 0.288957582482805 0.331896812160217 0.43883326933409 0.425291360439435 0 0.202125625598078 0.416144749528036 0.426787680615111 0.42391525599897 0.42246753302598 0.416727899066931 0.430715724320874 0.426128986375986 0.419747092609722 0.42421055978307 0.419755757225389 0.422964789837346 0.412329151741242 0.221084917170138 0.229639237101704 0.300852870413534 0.441952712318582 0.280433659391217 0.297810655540904 0.29493301565153 0.377172230705927 0.410560943417409 0.385493806464146 0.376785736401897 0.413309226130634 0.435391969374058 0.243082579966291 0.29995013032322 0.30596028080573 0.258769967528704 0.285809426069969 0.432528209373584 0.430327152299106 0.249833079460813 0.248625081865203 0.281417659948314 0.242477698203086 0.255583143966328 0.230213722024932 0.229408258859158 0.259983657222818 0.245838632495759 0.406481810311187 0.388434400270379 0.420811853140282 0.230408693848164 0.218065723627347 0.217920720631498 0.215322261881251 0.213997892198968 0.231464312937786 0.428149428341404 0.223493619370387 0.239560520032796 0.333460512913775 0.297028608011073 0.435602981323095 0.421982472691882
0.511196684772634 0.205357096527386 0.302277572056685 0.391789224490393 0.391647670836977 0.202125625598078 0 0.373825152634106 0.385697419234996 0.380990777341835 0.386477700834027 0.413351318954558 0.384326530067764 0.386363094678154 0.415719193768362 0.380033329976176 0.42187869138858 0.391867824226952 0.407003748195975 0.116692688296439 0.112898822733954 0.221089237643947 0.410827115799012 0.160636673436666 0.217692691238064 0.208558671110037 0.379207423691621 0.407979001618238 0.380753712694679 0.37479785151336 0.456055644221718 0.385312690861766 0.120304172819063 0.326033430604357 0.27653601252543 0.243116426148701 0.193264282230417 0.437083261372966 0.386931970022044 0.152699431745572 0.125939631168706 0.17293802765883 0.127312203747571 0.141011706421447 0.111877049826743 0.102987970349329 0.145204657071333 0.132548577009812 0.463036727652682 0.327297065457804 0.377690636729115 0.122886508924338 0.118530354915892 0.121109241678733 0.08341504987923 0.123185262050871 0.15895365174732 0.414121252526289 0.116991441422972 0.145125580509503 0.363810148308123 0.21360705375308 0.454852361406022 0.370235317816624
0.423461487304273 0.275464830135275 0.354358674197533 0.280377268704239 0.290280745578727 0.416144749528036 0.373825152634106 0 0.141201462971445 0.138499222917897 0.148637209896531 0.241579672892685 0.120950276274816 0.146854727377693 0.213223614485379 0.145312282023173 0.242587089085725 0.169049439714815 0.292785771052971 0.386092972460797 0.374276284266627 0.296662556825823 0.177024059449918 0.396592666482822 0.287340546078598 0.279124517554481 0.297288299681962 0.237993369936804 0.283447637660774 0.293920384185256 0.381669067236413 0.264219095002733 0.39172843081044 0.478975142270318 0.341072925112168 0.449429680936216 0.420467451660176 0.260087832832224 0.237933053082122 0.394215732747247 0.385813791321669 0.426158488416538 0.383161520095503 0.381389862429236 0.368968292471861 0.376300258093645 0.412654351871998 0.390413120049928 0.42078058516893 0.239565317331877 0.233729277579664 0.367720756595337 0.374422658887173 0.376158704440229 0.36411488165205 0.381507917927543 0.393180974750559 0.306662833799579 0.365184857455844 0.387527710344311 0.509649106664047 0.28416238713189 0.260130820455572 0.227202775123655
0.430011405396225 0.284790684531038 0.35861449624511 0.296015081745374 0.295236171771039 0.426787680615111 0.385697419234996 0.141201462971445 0 0.119889047605857 0.126022074553802 0.226151500175891 0.154625233848627 0.120816098131538 0.182055925141885 0.140213618765811 0.249919054707509 0.152577844385666 0.288186442324712 0.39512882086486 0.382206150447582 0.311528835402761 0.193382814553995 0.407190844015749 0.298586592998078 0.29051556746981 0.302275888645052 0.238494470396707 0.282654765278371 0.298521478844315 0.387406540958557 0.273911559928183 0.402974477729919 0.493913039379781 0.343714371485762 0.453058971515445 0.430523307040651 0.268996484297043 0.238831472698627 0.406213430356581 0.400189794291275 0.43644532203956 0.394658117244934 0.396975628925252 0.383281735830714 0.391469133445654 0.426071141545146 0.404288022559631 0.423370296784343 0.246702311130429 0.233856474518909 0.383598295013852 0.391008860372195 0.399044273787252 0.382621275660789 0.389960222486607 0.407276030650237 0.32038190846086 0.378571250289015 0.396373802198376 0.522185282777295 0.291548165229594 0.281095885491942 0.233525558621598
0.419246886949244 0.282755885851448 0.351760215447287 0.28421619960781 0.293713298403924 0.42391525599897 0.380990777341835 0.138499222917897 0.119889047605857 0 0.121232989275545 0.225870553105962 0.155020787074428 0.126553571853682 0.189792191124304 0.140857956290763 0.24561149790175 0.155906615907561 0.287048297330827 0.387888045763006 0.380765408678626 0.302534208691246 0.18604908300141 0.402870696426618 0.300785966660922 0.292183443832775 0.296903571308733 0.237034156640346 0.279170477694991 0.294629047251762 0.382587058840323 0.271354322870485 0.400438578590426 0.486244548281349 0.343505042948359 0.460256758993951 0.429624887424146 0.271580586333118 0.2383607690787 0.401716117000823 0.393804451182578 0.431801239757152 0.391163004808983 0.390737054743205 0.384020795737197 0.385230559263607 0.420290680199653 0.400425987807055 0.42242888954449 0.240003858181026 0.234699315728694 0.378245549664938 0.389902878149086 0.385577515286722 0.378301128071658 0.389383971632578 0.405092697113197 0.307768816022687 0.37336350793595 0.383835860154328 0.517450009974957 0.291651946532895 0.273543766480183 0.230978834629534
0.42000936249167 0.286385176430678 0.359469928238267 0.298767290626305 0.299835500499298 0.42246753302598 0.386477700834027 0.148637209896531 0.126022074553802 0.121232989275545 0 0.238732429843287 0.15332949507552 0.121732323804648 0.178517825082585 0.138354219922047 0.242649648696479 0.152295131384937 0.291429238599911 0.395293395848115 0.384686471180355 0.306206486893824 0.201036948938255 0.407709750532257 0.297541404454923 0.295030686882173 0.308229983895571 0.247684068931454 0.285793780250269 0.304643680939689 0.379457102790197 0.28295262360548 0.404245034936282 0.486024394891374 0.348363669041404 0.457720859854458 0.430730869647254 0.273511603709406 0.243992695566743 0.409402414155861 0.402419564794096 0.436463128096165 0.39575150868467 0.399278783891398 0.389434334766064 0.390142997832571 0.422710207252473 0.406297639672477 0.421555651494728 0.250090110401478 0.239976910683483 0.383116766541354 0.398016891300702 0.396007274187856 0.384913605774364 0.391699717382096 0.406542186016987 0.319734039074307 0.378943387878873 0.394943885281991 0.515073470545486 0.298910527691354 0.281065488651965 0.242140672233117
0.387798250535821 0.337193084302986 0.35528356448631 0.331847320158106 0.320152219323843 0.416727899066931 0.413351318954558 0.241579672892685 0.226151500175891 0.225870553105962 0.238732429843287 0 0.235224726623964 0.23249385566124 0.255967872339558 0.238775417466635 0.263555603464528 0.243424715022277 0.324511428368617 0.423505740365101 0.416443896960674 0.343309676819023 0.271874124186418 0.445381815801346 0.340118927088943 0.339422854805808 0.304575117443494 0.240747262229367 0.293875236325003 0.314614932698164 0.342247577018687 0.316399575453906 0.43144258775009 0.448990268955691 0.361087441467745 0.441728632760903 0.447615035646601 0.291369734025487 0.305407528106812 0.430971884130163 0.4264567647178 0.455382092775101 0.42107362252891 0.424464953661559 0.421043225688933 0.421544326148836 0.448978943609799 0.429200226463897 0.369118534408993 0.295711613838928 0.300194570480514 0.408920408858091 0.412701683637204 0.418732695212648 0.425075050697998 0.419453949062527 0.415305357660684 0.339080719749822 0.401930183986189 0.393089307405357 0.471079516577877 0.339410264022436 0.304471336140192 0.313723888591797
0.419361493105117 0.292278166214306 0.366864453470804 0.289357538701583 0.291395786723606 0.430715724320874 0.384326530067764 0.120950276274816 0.154625233848627 0.155020787074428 0.15332949507552 0.235224726623964 0 0.159559010335797 0.213150230022054 0.152393697415005 0.246998427194786 0.176528174263249 0.297979156691864 0.394321591768286 0.38446631779038 0.307988969412662 0.176406586903342 0.41101687234901 0.295111052549532 0.297648717619825 0.30618436036341 0.243865021802226 0.292105738895641 0.300586674363882 0.386123392968823 0.273365705914131 0.401063032341037 0.485304906972296 0.351857015546554 0.449771421686098 0.431720479783689 0.249885208525099 0.247299817383496 0.409141039073338 0.398069020364989 0.436348521940292 0.389795647503351 0.393467925705929 0.384571865024482 0.388419543062886 0.421781390795992 0.402271029936646 0.432180382219093 0.25270637520833 0.247341039076044 0.382144962461524 0.392268592725987 0.393607319122441 0.374909796939008 0.393972475508266 0.400273214994963 0.319587270147657 0.378368902955645 0.385888464890523 0.524073312530235 0.297376829471668 0.257478549229406 0.245549809422372
0.422795811861114 0.288722260098401 0.349446235628569 0.292154812923599 0.30100404233316 0.426128986375986 0.386363094678154 0.146854727377693 0.120816098131538 0.126553571853682 0.121732323804648 0.23249385566124 0.159559010335797 0 0.184095939094708 0.136539574632433 0.245570276209202 0.154757646061105 0.294570019502609 0.400728272795189 0.386993158008102 0.310369040703733 0.185714323455562 0.4160044613121 0.300850292202476 0.298912293622154 0.297569246751891 0.234174322807576 0.280942135361258 0.292211286129743 0.37927993702357 0.278750614033823 0.409722899506704 0.490919027403733 0.34322409587843 0.453352509368745 0.435353302224519 0.261932874961816 0.241782497051326 0.411646541372854 0.404017588555337 0.441837211363284 0.397630479515839 0.398988777899699 0.391062755367281 0.393586063723403 0.427790752666293 0.409710308723332 0.434143562366158 0.245886023112083 0.244848127559899 0.390305495098089 0.397152400385774 0.399670493468662 0.388680606358472 0.396467152955211 0.410955290056848 0.314603213046168 0.378664206739745 0.393120181070606 0.52347019669783 0.300361782525945 0.275036243007321 0.243278817227002
0.399509391495889 0.328939677734859 0.358667914414926 0.342333051772064 0.339022086306773 0.419747092609722 0.415719193768362 0.213223614485379 0.182055925141885 0.189792191124304 0.178517825082585 0.255967872339558 0.213150230022054 0.184095939094708 0 0.205007585961262 0.26759480398373 0.204524291557964 0.310142800909149 0.422877837272057 0.41761106716984 0.337298631537088 0.252322935940628 0.439718120848631 0.343651811875009 0.337261253493078 0.326005670826556 0.266190068634089 0.315513352314669 0.319049686443168 0.367731605115957 0.329313581255518 0.430515931530513 0.468518435871641 0.355908412543024 0.442120736644271 0.447677989563459 0.289494295055919 0.28710909101078 0.432335792093361 0.428792476760828 0.4633389064536 0.421197370125721 0.424515316795045 0.421961611598947 0.425975630551407 0.452152281589378 0.438336406828828 0.416190315362442 0.297369059655425 0.275523381059157 0.409679435058084 0.41531834275016 0.424814069921579 0.414500683107118 0.41735490736055 0.411141120439142 0.350543470716843 0.404902940563198 0.40958785023205 0.511454610512724 0.334297638357007 0.299154597210592 0.282116286774457
0.433298955225573 0.279117536350447 0.366669481647573 0.278595097972339 0.290907277047074 0.42421055978307 0.380033329976176 0.145312282023173 0.140213618765811 0.140857956290763 0.138354219922047 0.238775417466635 0.152393697415005 0.136539574632433 0.205007585961262 0 0.231479063958062 0.13976978012426 0.279863100635693 0.390706657903228 0.374863359973227 0.29887628720284 0.19026544928724 0.402163799290911 0.289178607004156 0.283235336606209 0.299133341811554 0.235029754800733 0.280025909688148 0.288476448316412 0.38577082736637 0.265629439931712 0.396029006412165 0.489752251500671 0.347470859004237 0.457189362554578 0.424580036642703 0.273023094032874 0.234951631889446 0.395114152363751 0.39163724029051 0.432794381755187 0.386533279240747 0.38877740645774 0.376001504967112 0.382311697681684 0.408860486309514 0.397904445381734 0.429909390023724 0.241789872561465 0.238237415787993 0.376922945913455 0.387046576177917 0.386704835428036 0.377698012239253 0.381031999034383 0.401307578685546 0.306882987189553 0.370841965510629 0.389000614884044 0.523543581161155 0.287981434261118 0.275560759103167 0.228852845430014
0.37393417287869 0.349150931844469 0.355657468006968 0.357413479853534 0.348907362818551 0.419755757225389 0.42187869138858 0.242587089085725 0.249919054707509 0.24561149790175 0.242649648696479 0.263555603464528 0.246998427194786 0.245570276209202 0.26759480398373 0.231479063958062 0 0.247988037331221 0.319856521233638 0.43026843633689 0.430153830181017 0.345983203444227 0.295244359561435 0.442747350631785 0.348918187671122 0.355835028079699 0.33148345287781 0.271211503779588 0.321302478275828 0.325384666418379 0.351478397245983 0.345729203871842 0.438634765649258 0.426940559614419 0.359528561681316 0.443444712020449 0.441510639607832 0.315301863540361 0.319443161951232 0.434105289522723 0.431991891106575 0.454989988891733 0.427336983971596 0.432346222639828 0.42761094983749 0.428129856353999 0.453615650382069 0.442305277921035 0.370773819988587 0.325821523855895 0.31977792149708 0.42173192246193 0.406658081278389 0.418383578952629 0.419886880332338 0.424078065051425 0.42592832245425 0.359866853088764 0.420511334082949 0.411325184890635 0.460136066433469 0.35084743911661 0.306124855788985 0.310881860815633
0.43501680041592 0.298973087302108 0.358415680773341 0.294289549257952 0.300239800859934 0.422964789837346 0.391867824226952 0.169049439714815 0.152577844385666 0.155906615907561 0.152295131384937 0.243424715022277 0.176528174263249 0.154757646061105 0.204524291557964 0.13976978012426 0.247988037331221 0 0.293524830959455 0.403740090827842 0.389358872585002 0.310825387609488 0.209286906163949 0.416886758283632 0.29713326044575 0.301526792498206 0.306640707269164 0.24528234793524 0.286228477450881 0.297392080985264 0.377350685578082 0.281343774991668 0.40112382602099 0.483740811912633 0.350470086253518 0.44639268133682 0.43258465891168 0.284798560534496 0.258114304657859 0.411726907040213 0.403962010148617 0.440852816500083 0.395874861975377 0.403314140762064 0.390119582196628 0.397973986196521 0.431260683535501 0.410801934232269 0.428142947630691 0.255616177868481 0.25259698432569 0.386733466337212 0.393143596706548 0.394242597725623 0.386287944284029 0.392812680809238 0.406769320610996 0.320553464648149 0.386660081873887 0.396069439492505 0.521496191698194 0.299951872585971 0.284277888087187 0.24674874809621
0.361727146731952 0.339523186766676 0.373850752175002 0.325542737022872 0.328103423423003 0.412329151741242 0.407003748195975 0.292785771052971 0.288186442324712 0.287048297330827 0.291429238599911 0.324511428368617 0.297979156691864 0.294570019502609 0.310142800909149 0.279863100635693 0.319856521233638 0.293524830959455 0 0.408041955535096 0.408322902605024 0.342864154765839 0.306898633009254 0.432525548643359 0.334095291023637 0.33551614901825 0.315218048530569 0.310117619342406 0.299893657117076 0.305466555855965 0.363411457526826 0.312618300674793 0.418826045969483 0.439269173121064 0.366574364959938 0.436182681519557 0.446546825773608 0.333480873513389 0.160607171396113 0.425529714192119 0.416168559470083 0.450838342453562 0.416895028593195 0.411139748814446 0.410243095128741 0.4177934482097 0.447116095423602 0.425345567221459 0.385145979309655 0.30867029067552 0.167420230501389 0.41292713481958 0.406289475550131 0.406899966892673 0.410676026398553 0.407533479565055 0.408549642892929 0.332955068312014 0.398930956736908 0.391256856059138 0.46460298294925 0.336985521696383 0.323525350093783 0.270948839591536
0.517460440521424 0.209897397506492 0.312471137442039 0.401503339120986 0.406064895499131 0.221084917170138 0.116692688296439 0.386092972460797 0.39512882086486 0.387888045763006 0.395293395848115 0.423505740365101 0.394321591768286 0.400728272795189 0.422877837272057 0.390706657903228 0.43026843633689 0.403740090827842 0.408041955535096 0 0.0944140784303583 0.230584964815366 0.416324864143776 0.156182347704256 0.225196607353241 0.219899440411047 0.38855814786719 0.416515515493199 0.383345190240892 0.37893208620103 0.466949125538745 0.394880036565709 0.111656896436768 0.340735134198039 0.28734528452656 0.245677506854937 0.186755585831012 0.43280088613395 0.399566712165361 0.138992947867662 0.107556902237611 0.163256387585951 0.108693281300696 0.118249802152068 0.0930271491373219 0.087570622485106 0.126657353156984 0.100493292902384 0.473681424670557 0.34090184575015 0.387966645499565 0.126705556053566 0.146342719546051 0.125690764350388 0.116882444846437 0.125338198747934 0.179935151215599 0.425159736839165 0.120907288651468 0.174711368736729 0.347560784086687 0.221139600777434 0.460258919230856 0.379541288438044
0.514716978775328 0.198821535149605 0.300090789177212 0.391857393680485 0.397315603744334 0.229639237101704 0.112898822733954 0.374276284266627 0.382206150447582 0.380765408678626 0.384686471180355 0.416443896960674 0.38446631779038 0.386993158008102 0.41761106716984 0.374863359973227 0.430153830181017 0.389358872585002 0.408322902605024 0.0944140784303583 0 0.220479140607509 0.404551163572954 0.144762978666688 0.215903227515193 0.210430660737172 0.380682094162154 0.410350325774476 0.378452323659333 0.378774492421809 0.465061095785805 0.380643821318719 0.0988809949461393 0.346087879546954 0.280410638061378 0.245854672621563 0.184806762398119 0.433289395810481 0.386142941288179 0.12949200542301 0.104086971368404 0.153694651461345 0.104221149511682 0.112317356606692 0.078823096661109 0.0779980615079292 0.120621126308306 0.100652652612406 0.473522064960536 0.323347683833836 0.374940193778985 0.1089008439073 0.131397841232555 0.125098473370554 0.105253747271465 0.117537295437024 0.174637984273404 0.413844149104898 0.121274210968093 0.166493574281812 0.353121092042204 0.209616450436564 0.456763806794904 0.360172481232115
0.443154229203478 0.118287180196079 0.223431059759633 0.312457651859243 0.319660654610982 0.300852870413534 0.221089237643947 0.296662556825823 0.311528835402761 0.302534208691246 0.306206486893824 0.343309676819023 0.307988969412662 0.310369040703733 0.337298631537088 0.29887628720284 0.345983203444227 0.310825387609488 0.342864154765839 0.230584964815366 0.220479140607509 0 0.322576066850471 0.260934994515818 0.144454689793112 0.135988111039043 0.313136812885197 0.34236826957917 0.300726067780394 0.30405660523309 0.395728116716776 0.299565378281941 0.237324639457317 0.377678069613792 0.206984645997227 0.327451627868745 0.28674256300026 0.358653640219921 0.319993336439093 0.251414085777656 0.240612189286664 0.279790110478472 0.230481183512064 0.243208882106111 0.221753229675473 0.22595523924713 0.258001776219724 0.236989879911469 0.399686557262516 0.252180093181683 0.305014529424019 0.229777735718791 0.240329081979832 0.232143450295691 0.211484513895994 0.227628330883329 0.252249551477303 0.336094477590016 0.227608758895923 0.249482674095264 0.422912183947788 0.138772794477687 0.381480181817791 0.294021110452229
0.43395203988536 0.309233055946753 0.37585731425152 0.309045065327555 0.318782201287987 0.441952712318582 0.410827115799012 0.177024059449918 0.193382814553995 0.18604908300141 0.201036948938255 0.271874124186418 0.176406586903342 0.185714323455562 0.252322935940628 0.19026544928724 0.295244359561435 0.209286906163949 0.306898633009254 0.416324864143776 0.404551163572954 0.322576066850471 0 0.43278041934712 0.322672866949739 0.31745085040167 0.322290799306734 0.276799153538753 0.307961627609014 0.323713735019085 0.405347197178902 0.293387992085951 0.422826579339146 0.503224225274435 0.36850754257313 0.470289198738483 0.452513988632769 0.187705263380428 0.263961169262643 0.429079115929261 0.417799534614309 0.456390380099517 0.406958099842402 0.417255446531058 0.407400172553152 0.410601747135803 0.44338734401488 0.426590048061654 0.451549189425022 0.272333108154348 0.262073139509703 0.405755317520026 0.411809350425309 0.415610591497931 0.402503774109993 0.415193700353924 0.424182323179998 0.343122474812033 0.396637337517804 0.41654983850088 0.536537870110958 0.310471450382339 0.165489213125101 0.252699394004296
0.515896345461761 0.242563172956462 0.347774827404004 0.419054051694867 0.423646004912988 0.280433659391217 0.160636673436666 0.396592666482822 0.407190844015749 0.402870696426618 0.407709750532257 0.445381815801346 0.41101687234901 0.4160044613121 0.439718120848631 0.402163799290911 0.442747350631785 0.416886758283632 0.432525548643359 0.156182347704256 0.144762978666688 0.260934994515818 0.43278041934712 0 0.249234678408321 0.244554984012703 0.412062955691589 0.4398323326984 0.416069993440015 0.386777743066089 0.475424845733752 0.412003033143012 0.136342836878401 0.378252554537021 0.320084444439856 0.296221378914498 0.147742239622459 0.457431248168863 0.403972835001188 0.155582681214285 0.124336392134232 0.132486017399058 0.142287873207148 0.119631516171871 0.128125042423483 0.134737520126189 0.10600539796132 0.145990548249703 0.496527538255832 0.360057875076242 0.398527133201544 0.168251352059178 0.190703595830285 0.184520600054957 0.161493871360622 0.182278238768764 0.230595395361833 0.43934076798554 0.172142017720931 0.216609730344795 0.338487557638613 0.249644588348294 0.482251366753774 0.371470262909777
0.446191228802874 0.112469340806576 0.220229485176982 0.307246460163745 0.311827588529295 0.297810655540904 0.217692691238064 0.287340546078598 0.298586592998078 0.300785966660922 0.297541404454923 0.340118927088943 0.295111052549532 0.300850292202476 0.343651811875009 0.289178607004156 0.348918187671122 0.29713326044575 0.334095291023637 0.225196607353241 0.215903227515193 0.144454689793112 0.322672866949739 0.249234678408321 0 0.0725753810381232 0.29960404543148 0.329749961867763 0.298997397737475 0.302963213793353 0.394444968727042 0.287437346177866 0.225948258043096 0.392121847467386 0.190651072459894 0.318670173343171 0.278451384082018 0.361493902065285 0.308053294954215 0.246795185061992 0.228587938485891 0.278947269268687 0.225801489116446 0.227952659882709 0.216373931135119 0.220461334550904 0.252674212437553 0.227689518869386 0.403743563838324 0.240510173914163 0.29766299181483 0.209952581607107 0.22952718548884 0.223344189713512 0.212207533676672 0.22875772874238 0.260376155412291 0.327066004696091 0.220008436987582 0.246127349381929 0.425258326537282 0.121114851258071 0.37659292481557 0.286420788543888
0.457122088163911 0.098838007322791 0.221940349163295 0.303556375904562 0.309817971416448 0.29493301565153 0.208558671110037 0.279124517554481 0.29051556746981 0.292183443832775 0.295030686882173 0.339422854805808 0.297648717619825 0.298912293622154 0.337261253493078 0.283235336606209 0.355835028079699 0.301526792498206 0.33551614901825 0.219899440411047 0.210430660737172 0.135988111039043 0.31745085040167 0.244554984012703 0.0725753810381232 0 0.305371915993601 0.331045700640869 0.296694242771329 0.302798638810098 0.397201021256509 0.288734850881773 0.222655492940515 0.400353998636475 0.192759255602809 0.324126699995387 0.283950898357582 0.360618898084723 0.304708483306515 0.238149674610496 0.225722889379888 0.275684901006083 0.225209198136613 0.224586510316803 0.205455662557454 0.21356967570907 0.246992317122128 0.22538636390324 0.407666392270853 0.232648476923299 0.290261173591321 0.212384699443299 0.226755092833567 0.220760087677437 0.206776188591199 0.220436152984161 0.261127806102145 0.327611858710143 0.213721659908953 0.246286709091951 0.430109971426293 0.115141184020147 0.375562092986586 0.28077105599924
0.364018105220831 0.302524672944203 0.334563440100555 0.269204046903646 0.270392160724913 0.377172230705927 0.379207423691621 0.297288299681962 0.302275888645052 0.296903571308733 0.308229983895571 0.304575117443494 0.30618436036341 0.297569246751891 0.326005670826556 0.299133341811554 0.33148345287781 0.306640707269164 0.315218048530569 0.38855814786719 0.380682094162154 0.313136812885197 0.322290799306734 0.412062955691589 0.29960404543148 0.305371915993601 0 0.299045206327953 0.240575311735974 0.269149840121622 0.319669819719969 0.265324206094465 0.388776535326364 0.424746401224808 0.332596810611056 0.420289020456069 0.411482861189023 0.329192888695035 0.303825626990543 0.390904290456685 0.399501598011598 0.419487877764104 0.380118434091497 0.392065851086512 0.38401086568405 0.387452165644082 0.419414493300779 0.3996036133841 0.340717328141434 0.236656409471149 0.298129374960947 0.369395137337064 0.377516131692713 0.383160648964127 0.377466162865331 0.385036087933695 0.382788117068164 0.28209247683241 0.378706323231718 0.369919259126806 0.438265288789624 0.303399676924765 0.333922946224139 0.296846226971212
0.366893979179405 0.327625738599043 0.347273332637996 0.325956096305278 0.328509801501376 0.410560943417409 0.407979001618238 0.237993369936804 0.238494470396707 0.237034156640346 0.247684068931454 0.240747262229367 0.243865021802226 0.234174322807576 0.266190068634089 0.235029754800733 0.271211503779588 0.24528234793524 0.310117619342406 0.416515515493199 0.410350325774476 0.34236826957917 0.276799153538753 0.4398323326984 0.329749961867763 0.331045700640869 0.299045206327953 0 0.298524533880644 0.306205615762448 0.347233400050977 0.311737687114893 0.425101998195541 0.453639566511332 0.345689665590928 0.431402655163071 0.442758175484357 0.297669101887488 0.299525051388818 0.43056374012099 0.426854083874402 0.458125554521198 0.419436143005921 0.419906846625848 0.419051414632691 0.422754089675246 0.450335476062859 0.428241013167439 0.376455715304011 0.298057756428423 0.290890365789894 0.408052386081563 0.406683262845132 0.415677889556647 0.40755305155246 0.41747994406289 0.410360756320943 0.335109688420711 0.405412705638769 0.391702378112321 0.475478263903567 0.331816923318129 0.304304995226137 0.282065923640971
0.383728653176642 0.288299282549785 0.313392578388382 0.275100880335812 0.276235181681159 0.385493806464146 0.380753712694679 0.283447637660774 0.282654765278371 0.279170477694991 0.285793780250269 0.293875236325003 0.292105738895641 0.280942135361258 0.315513352314669 0.280025909688148 0.321302478275828 0.286228477450881 0.299893657117076 0.383345190240892 0.378452323659333 0.300726067780394 0.307961627609014 0.416069993440015 0.298997397737475 0.296694242771329 0.240575311735974 0.298524533880644 0 0.251649490681228 0.305150891472251 0.265649906718542 0.394390655757802 0.430421315336198 0.317662757150131 0.403125196492323 0.405561240496219 0.332802607286859 0.2791040744357 0.398717784550966 0.394789740845203 0.425089407412169 0.392062319224912 0.394245652761952 0.385097275919753 0.386797315053495 0.413639641534624 0.392515216788233 0.355631809614954 0.23491514864486 0.275371002553169 0.383361230366697 0.382910098734175 0.381857928986987 0.381913507393707 0.38439382812648 0.392418022382861 0.286444787192318 0.378375407334407 0.38573216021683 0.453990448702152 0.300606246351287 0.321114881962734 0.285856339861022
0.358665359871917 0.301338325053736 0.336109729103613 0.293816602881954 0.28763882237986 0.376785736401897 0.37479785151336 0.293920384185256 0.298521478844315 0.294629047251762 0.304643680939689 0.314614932698164 0.300586674363882 0.292211286129743 0.319049686443168 0.288476448316412 0.325384666418379 0.297392080985264 0.305466555855965 0.37893208620103 0.378774492421809 0.30405660523309 0.323713735019085 0.386777743066089 0.302963213793353 0.302798638810098 0.269149840121622 0.306205615762448 0.251649490681228 0 0.318496062612874 0.292418848736346 0.3814983821805 0.432278948249161 0.349098802780182 0.413823311680013 0.399852397683251 0.327476809435489 0.300214142467919 0.377239028271322 0.386557589676114 0.420278984215706 0.378003269744549 0.377545156907994 0.374875079625223 0.380276027870719 0.40359284507592 0.395807981890815 0.352834929699042 0.26510581863529 0.292789220395405 0.371000454089275 0.376993693314604 0.38100249699383 0.370615725716045 0.377893878861909 0.372882874262877 0.308267361939581 0.364126601304046 0.371422560506516 0.452065040905202 0.301472503197015 0.360146034227892 0.258439528456665
0.359273690977555 0.394176612440485 0.370816807611935 0.379414115166849 0.368900146949819 0.413309226130634 0.456055644221718 0.381669067236413 0.387406540958557 0.382587058840323 0.379457102790197 0.342247577018687 0.386123392968823 0.37927993702357 0.367731605115957 0.38577082736637 0.351478397245983 0.377350685578082 0.363411457526826 0.466949125538745 0.465061095785805 0.395728116716776 0.405347197178902 0.475424845733752 0.394444968727042 0.397201021256509 0.319669819719969 0.347233400050977 0.305150891472251 0.318496062612874 0 0.380550494229933 0.468115901441806 0.406309859817793 0.375022349045193 0.416890313813282 0.456623147940913 0.366645194880254 0.393950849471172 0.457655745700696 0.463894319882743 0.473364865487419 0.460252438520142 0.463112272352912 0.46794050160598 0.473352274704047 0.479633836509443 0.473103490404896 0.335559554615752 0.349774514463703 0.371049551785281 0.456023481450941 0.433275933895734 0.450257376819621 0.458589777430411 0.451789309108507 0.431187322740225 0.372914165902278 0.453188829184915 0.439290511039269 0.423443681247668 0.396773305259931 0.374911586537857 0.388193803761623
0.447180838939309 0.273349665788327 0.363485713121526 0.0996022487960175 0.112854069179806 0.435391969374058 0.385312690861766 0.264219095002733 0.273911559928183 0.271354322870485 0.28295262360548 0.316399575453906 0.273365705914131 0.278750614033823 0.329313581255518 0.265629439931712 0.345729203871842 0.281343774991668 0.312618300674793 0.394880036565709 0.380643821318719 0.299565378281941 0.293387992085951 0.412003033143012 0.287437346177866 0.288734850881773 0.265324206094465 0.311737687114893 0.265649906718542 0.292418848736346 0.380550494229933 0 0.396352941105442 0.499356975248625 0.34806314998407 0.462780067350072 0.43444790140398 0.348968550804608 0.262805218212153 0.412203220239477 0.400526319767923 0.443102553296414 0.391281142826456 0.394391526889177 0.382710782769086 0.388947591020333 0.422547398200018 0.403006640500696 0.38637354889267 0.164561267799995 0.256214078427652 0.382338250873123 0.389686256620712 0.391202148783793 0.380870955912728 0.391755295788816 0.409403785780557 0.144968381036386 0.381033764965183 0.392141395786742 0.530007524006411 0.28218316685902 0.366349078815897 0.264145710539408
0.518940326265191 0.218317539294779 0.312555346757935 0.401515929904358 0.403072649453883 0.243082579966291 0.120304172819063 0.39172843081044 0.402974477729919 0.400438578590426 0.404245034936282 0.43144258775009 0.401063032341037 0.409722899506704 0.430515931530513 0.396029006412165 0.438634765649258 0.40112382602099 0.418826045969483 0.111656896436768 0.0988809949461393 0.237324639457317 0.422826579339146 0.136342836878401 0.225948258043096 0.222655492940515 0.388776535326364 0.425101998195541 0.394390655757802 0.3814983821805 0.468115901441806 0.396352941105442 0 0.342360022937656 0.287461656613234 0.24506003430836 0.174822525550169 0.450251266746962 0.401674895308275 0.144125539826601 0.1065368952612 0.153077178914769 0.112866659963177 0.123675931964307 0.086343052902091 0.0958869829700914 0.119649322228476 0.114149807952912 0.485381740778054 0.343584513816293 0.398201432577467 0.111456315034198 0.137727605934533 0.127120681266772 0.109018981924773 0.116690922365639 0.181678177972689 0.42417012670273 0.120051856658311 0.175378810110688 0.348623778686447 0.220767463187575 0.474172965715369 0.382359900578266
0.397811118292948 0.397299192980473 0.379510520960012 0.497028638715736 0.483073370538674 0.29995013032322 0.326033430604357 0.478975142270318 0.493913039379781 0.486244548281349 0.486024394891374 0.448990268955691 0.485304906972296 0.490919027403733 0.468518435871641 0.489752251500671 0.426940559614419 0.483740811912633 0.439269173121064 0.340735134198039 0.346087879546954 0.377678069613792 0.503224225274435 0.378252554537021 0.392121847467386 0.400353998636475 0.424746401224808 0.453639566511332 0.430421315336198 0.432278948249161 0.406309859817793 0.499356975248625 0.342360022937656 0 0.363930364043334 0.298239266336907 0.371444710704979 0.459242862090198 0.481283512509698 0.359524241207507 0.353786767485363 0.37207998930816 0.34718127098669 0.359139512834277 0.338983048519178 0.339147623502433 0.368921402348857 0.353095910475461 0.400711779512161 0.464468410499867 0.485247562634776 0.332524320947156 0.317889020612764 0.319379731209103 0.31587379392058 0.329694883954363 0.319453115672428 0.478846179400273 0.318714055765944 0.309420675927895 0.332828683653027 0.383830668549143 0.454149808412173 0.482828035581956
0.406787938947858 0.186637053507435 0.254342589293838 0.357784245818697 0.349645051100338 0.30596028080573 0.27653601252543 0.341072925112168 0.343714371485762 0.343505042948359 0.348363669041404 0.361087441467745 0.351857015546554 0.34322409587843 0.355908412543024 0.347470859004237 0.359528561681316 0.350470086253518 0.366574364959938 0.28734528452656 0.280410638061378 0.206984645997227 0.36850754257313 0.320084444439856 0.190651072459894 0.192759255602809 0.332596810611056 0.345689665590928 0.317662757150131 0.349098802780182 0.375022349045193 0.34806314998407 0.287461656613234 0.363930364043334 0 0.308539167568571 0.332969342507019 0.380797989423556 0.353746811230294 0.303127788776608 0.292887786425473 0.332731383060439 0.290767012499187 0.300396917813883 0.282475833580944 0.289349686366173 0.31486587723422 0.295044172464969 0.404763570814735 0.317274579434468 0.34597277289776 0.279884356034731 0.288413494399554 0.284399475447094 0.27706927575611 0.282157114160901 0.298463740200691 0.353481904286171 0.281210491647815 0.280286890464567 0.384308747679208 0.205694516803459 0.37899248557488 0.352492294149736
